-0.215186
0.0307675
-0.127193
0.144666
0.220621
-0.0682821
-0.0550563
-0.0630149
0.102654
0.126663
0.198808
0.0204333
0.218952
0.255486
0.0730619
0.109986
0.185359
0.196867
0.421242
-0.00284657
-0.347799
-0.0283234
-0.0900104
-0.077013
-0.202591
-0.237361
-0.227098
0.00916138
-0.0124046
0.0453246
-0.142082
-0.0241033
-0.117131
0.0848438
-0.0199154
0.0937482
0.102477
-0.270045
0.0744216
0.0348805
-0.0636408
-0.0104881
0.157323
0.41409
0.139823
-0.115328
0.266966
0.11388
-0.539709
0.146913
0.0345907
0.468883
0.0398994
-0.0281512
-0.0118784
0.113022
-0.157256
0.156847
-0.147625
-0.0116513
-0.176218
-0.0354624
-0.470315
0.194335
0.0681623
-0.0316521
-0.0345911
0.158044
-0.0992721
-0.119967
-0.109689
-0.266522
-0.352517
0.139304
0.0482567
-0.088832
0.0392226
0.295081
-0.0559983
0.0767094
0.166967
-0.0468424
-0.113256
-0.171954
-0.102538
0.0409261
-0.0638842
0.0473802
-0.0514178
-0.117237
-0.085846
0.00948258
0.333262
-0.1077
0.0489317
0.0653075
-0.0636279
-0.077985
-0.189356
-0.176916
0.071467
-0.310528
-0.290316
0.100349
0.131912
0.318652
-0.300848
-0.111405
0.128095
0.231648
0.0705207
0.053415
-0.406859
0.0116498
0.147324
-0.0141582
-0.0293548
-0.0671912
-0.00039879
-0.277016
-0.0773941
0.271735
-0.294714
-0.173017
0.193234
